Calibration coefficients Sebastian:
------------------------------------
g : -0.9988338693203027
h : 0.16381091673461762
i : 7.843418248692066e-05
j : 1.7913155384845384e-05

