Calibration coefficients Comet:
--------------------------------
g : -1.5378814864590167
h : 0.24102089178010333
i : -0.02211190050539418
j : 0.0014259291659924915

