Calibration coefficients Comet:
--------------------------------
g : -1.036102431584609
h : 0.15344861141461918
i : -0.002298796339156063
j : 0.0001693551795206618

