Calibration coefficients Dipsy:
--------------------------------
g : -1.028906767202546
h : 0.13104370025468964
i : -0.001499028888993278
j : 0.0001069309365302278

