Calibration coefficients Dipsy:
--------------------------------
g : -0.9808247831914462
h : 0.12281185967890851
i : 0.00033163499550690155
j : -6.663538805819069e-06

