Calibration coefficients Sebastian:
------------------------------------
g : -1.002354204567832
h : 0.16534245338902256
i : -0.0004025576638608692
j : 5.9119870518182395e-05

